DEFINE
0 VOID
1 TREE
2 APPLE
3 SWORD
4 AXE
5 BRICK
6 GRASS
7 ZOMBIE
8 HEARTH
END DEFINE
SECTIONS
SECTION 0 -1 6
1 1 1 1 1 0 1 1 1 1 1 
1 0 0 0 0 0 0 0 0 0 1 
1 0 0 0 0 0 0 0 0 0 1 
1 0 0 0 0 0 0 0 0 0 1 
1 0 0 0 0 0 0 0 0 0 1 
1 3 0 0 0 0 0 0 0 0 1 
1 1 1 1 1 1 1 1 1 1 1 
END SECTION
SECTION 0 0 6
1 1 1 1 1 1 1 1 1 1 1 
1 0 0 0 0 0 0 0 0 0 1 
1 0 0 0 0 0 0 0 0 0 1 
1 0 0 0 0 2 0 0 0 0 0 
1 0 0 0 0 0 0 0 0 0 1 
1 0 0 0 0 0 0 0 0 0 1 
1 1 1 1 1 0 1 1 1 1 1 
END SECTION
SECTION 1 0 6
1 1 1 1 1 1 1 1 1 1 1 
1 0 0 0 0 0 0 0 0 0 0 
1 0 0 0 0 0 0 0 0 0 1 
0 0 0 0 0 0 0 0 0 0 1 
1 0 0 0 0 0 0 0 0 0 1 
1 0 0 0 0 0 0 0 0 0 0 
1 1 1 1 1 1 1 1 1 1 1 
END SECTION
SECTION 2 -1 6
1 1 1 1 1 0 1 1 1 1 1 
1 0 0 0 0 0 0 0 0 0 1 
1 0 0 0 0 0 0 0 0 0 1 
1 0 0 0 0 0 0 0 0 0 0 
1 0 0 0 0 0 0 0 0 0 1 
1 0 0 0 0 0 0 0 0 0 1 
1 1 1 1 1 1 1 1 1 1 1 
END SECTION
SECTION 2 0 6
1 1 1 1 1 0 1 1 1 1 1 
0 0 0 0 0 0 1 0 0 0 1 
1 0 0 0 0 0 1 0 0 0 1 
1 1 1 1 1 1 1 0 0 0 0 
1 0 0 0 0 0 1 0 0 0 1 
0 0 0 0 0 0 1 0 0 0 1 
1 1 1 1 1 0 1 1 1 1 1 
END SECTION
SECTION 2 1 6
1 1 1 1 1 1 1 1 1 1 1 
1 0 0 0 0 0 0 0 0 0 1 
1 0 0 0 0 0 0 0 0 0 1 
1 0 0 0 0 0 0 0 0 0 0 
1 0 0 0 0 0 0 0 0 0 1 
1 0 0 0 0 0 0 0 0 0 1 
1 1 1 1 1 0 1 1 1 1 1 
END SECTION
SECTION 3 -1 6
1 1 1 1 1 0 1 1 1 1 1 
1 0 0 0 0 0 0 0 0 0 1 
1 0 0 0 0 0 0 0 0 0 1 
0 0 0 0 0 0 0 0 0 0 1 
1 0 0 0 0 0 0 0 0 0 1 
1 0 0 0 0 0 0 0 0 0 1 
1 1 1 1 1 1 1 1 1 1 1 
END SECTION
SECTION 3 0 6
1 1 1 1 1 0 1 1 1 1 1 
1 0 0 0 0 0 0 0 0 0 1 
1 0 0 0 0 0 0 0 0 0 1 
0 0 0 0 0 0 0 0 0 0 1 
1 0 0 0 0 0 0 0 0 0 1 
1 0 0 0 0 0 0 0 0 0 1 
1 1 1 1 1 0 1 1 1 1 1 
END SECTION
SECTION 3 1 6
1 1 1 1 1 1 1 1 1 1 1 
1 0 0 0 0 0 0 0 0 0 1 
1 0 0 0 0 0 0 0 0 0 1 
0 0 0 0 0 0 0 0 0 0 1 
1 0 0 0 0 0 0 0 0 0 1 
1 0 0 0 0 0 0 0 0 0 1 
1 1 1 1 1 0 1 1 1 1 1 
END SECTION
END SECTIONS
DEFAULT_SECTION
SET 2 -1
END DEFAULT_SECTION
PLAYER
SET 7 4
END PLAYER
MONSTERS
ADD 9 4 0 0 7
ADD 6 3 0 0 7
ADD 7 3 0 0 7
ADD 9 3 0 0 7
ADD 9 2 1 0 7
ADD 7 1 2 0 7
END MONSTERS
